world: world
x: -179.54639012046158
y: 63.0
z: 163.51547427407388
yaw: 269.85007
pitch: 12.149947
name: KOTH
