spawns: 
  default: 
    world: world
    x: 1.5711848556080452
    y: 65.0
    z: 1.4580203562505294
    yaw: -270.14963
    pitch: 17.999987
