lastAccountName: Sp3ctr0_YT
timestamps:
  login: 1561812178529
  lastteleport: 1561810858957
  logout: 1561812185391
ipAddress: 81.56.75.74
lastlocation:
  world: world
  x: -106.1313906668025
  y: 66.0
  z: -2.844849866124626
  yaw: -272.21484
  pitch: -1.6624762
godmode: true
logoutlocation:
  world: world
  x: -1.5677556456207542
  y: 79.36933695946747
  z: -0.6328098124075099
  yaw: -348.21274
  pitch: 23.150717
