lastAccountName: Atickx
timestamps:
  login: 1561833975803
  logout: 1561834038843
  lastteleport: 1561811120744
ipAddress: 91.178.96.253
lastlocation:
  world: world
  x: 0.44209530290618076
  y: 83.9198043104668
  z: 18.565604415798077
  yaw: -178.98328
  pitch: 14.099996
logoutlocation:
  world: world
  x: -0.5377945408161153
  y: 76.5
  z: 1.4462480660126071
  yaw: 240.31659
  pitch: 16.049946
