lastAccountName: FaKo_JustKills
timestamps:
  login: 1561761117958
  logout: 1561761404693
ipAddress: 76.71.218.9
lastlocation:
  world: world
  x: 33.35588685715015
  y: 66.0
  z: -250.19489304197245
  yaw: 64.240265
  pitch: 5.1549287
logoutlocation:
  world: world
  x: 35.295299001504716
  y: 66.0
  z: -250.75237516120535
  yaw: 64.74111
  pitch: 7.9930663
