lastAccountName: Sp3ctr0_YT
timestamps:
  login: 1562019953056
  logout: 1562019777480
  lastteleport: 1561811381632
ipAddress: 81.56.75.74
lastlocation:
  world: world
  x: 8.071058299508088
  y: 52.5
  z: 0.8784478776017915
  yaw: -75.59735
  pitch: 14.863827
logoutlocation:
  world: world
  x: 1.2211391838167422
  y: 44.5
  z: -34.7626160403008
  yaw: -180.13745
  pitch: 90.0
